{
 "cells": [
  {
   "cell_type": "markdown",
   "metadata": {},
   "source": [
    "# K-means Clustering"
   ]
  },
  {
   "cell_type": "code",
   "execution_count": 1,
   "metadata": {},
   "outputs": [
    {
     "data": {
      "text/html": [
       "<div>\n",
       "<style scoped>\n",
       "    .dataframe tbody tr th:only-of-type {\n",
       "        vertical-align: middle;\n",
       "    }\n",
       "\n",
       "    .dataframe tbody tr th {\n",
       "        vertical-align: top;\n",
       "    }\n",
       "\n",
       "    .dataframe thead th {\n",
       "        text-align: right;\n",
       "    }\n",
       "</style>\n",
       "<table border=\"1\" class=\"dataframe\">\n",
       "  <thead>\n",
       "    <tr style=\"text-align: right;\">\n",
       "      <th></th>\n",
       "      <th>PMC</th>\n",
       "      <th>Detector</th>\n",
       "      <th>Mg_%</th>\n",
       "      <th>Al_%</th>\n",
       "      <th>Ca_%</th>\n",
       "      <th>Ti_%</th>\n",
       "      <th>Fe_%</th>\n",
       "      <th>Si_%</th>\n",
       "      <th>Mg_int</th>\n",
       "      <th>Al_int</th>\n",
       "      <th>Ca_int</th>\n",
       "      <th>Ti_int</th>\n",
       "      <th>Fe_int</th>\n",
       "      <th>Si_int</th>\n",
       "      <th>image_i</th>\n",
       "      <th>image_j</th>\n",
       "    </tr>\n",
       "  </thead>\n",
       "  <tbody>\n",
       "    <tr>\n",
       "      <th>0</th>\n",
       "      <td>7</td>\n",
       "      <td>A</td>\n",
       "      <td>0.4605</td>\n",
       "      <td>0.0305</td>\n",
       "      <td>22.9336</td>\n",
       "      <td>0.1140</td>\n",
       "      <td>1.0066</td>\n",
       "      <td>0.0067</td>\n",
       "      <td>31.9</td>\n",
       "      <td>8.0</td>\n",
       "      <td>50624.2</td>\n",
       "      <td>152.2</td>\n",
       "      <td>2015.6</td>\n",
       "      <td>5.0</td>\n",
       "      <td>409.04</td>\n",
       "      <td>416.18</td>\n",
       "    </tr>\n",
       "    <tr>\n",
       "      <th>1</th>\n",
       "      <td>7</td>\n",
       "      <td>B</td>\n",
       "      <td>0.1968</td>\n",
       "      <td>0.0735</td>\n",
       "      <td>22.4898</td>\n",
       "      <td>0.1392</td>\n",
       "      <td>1.1196</td>\n",
       "      <td>0.0196</td>\n",
       "      <td>13.8</td>\n",
       "      <td>19.8</td>\n",
       "      <td>50480.9</td>\n",
       "      <td>188.8</td>\n",
       "      <td>2270.2</td>\n",
       "      <td>14.9</td>\n",
       "      <td>409.04</td>\n",
       "      <td>416.18</td>\n",
       "    </tr>\n",
       "    <tr>\n",
       "      <th>2</th>\n",
       "      <td>8</td>\n",
       "      <td>A</td>\n",
       "      <td>0.5142</td>\n",
       "      <td>0.0000</td>\n",
       "      <td>22.6415</td>\n",
       "      <td>0.1949</td>\n",
       "      <td>1.0006</td>\n",
       "      <td>0.0130</td>\n",
       "      <td>35.7</td>\n",
       "      <td>0.0</td>\n",
       "      <td>50074.6</td>\n",
       "      <td>261.4</td>\n",
       "      <td>2009.1</td>\n",
       "      <td>9.7</td>\n",
       "      <td>408.99</td>\n",
       "      <td>413.59</td>\n",
       "    </tr>\n",
       "    <tr>\n",
       "      <th>3</th>\n",
       "      <td>8</td>\n",
       "      <td>B</td>\n",
       "      <td>0.4354</td>\n",
       "      <td>0.0271</td>\n",
       "      <td>21.9504</td>\n",
       "      <td>0.2441</td>\n",
       "      <td>1.0346</td>\n",
       "      <td>0.0150</td>\n",
       "      <td>30.8</td>\n",
       "      <td>7.3</td>\n",
       "      <td>49673.5</td>\n",
       "      <td>335.7</td>\n",
       "      <td>2123.7</td>\n",
       "      <td>11.4</td>\n",
       "      <td>408.99</td>\n",
       "      <td>413.59</td>\n",
       "    </tr>\n",
       "    <tr>\n",
       "      <th>4</th>\n",
       "      <td>9</td>\n",
       "      <td>A</td>\n",
       "      <td>0.3532</td>\n",
       "      <td>0.0570</td>\n",
       "      <td>26.5924</td>\n",
       "      <td>0.1641</td>\n",
       "      <td>0.3400</td>\n",
       "      <td>0.0179</td>\n",
       "      <td>24.7</td>\n",
       "      <td>15.2</td>\n",
       "      <td>57985.5</td>\n",
       "      <td>211.6</td>\n",
       "      <td>665.5</td>\n",
       "      <td>13.5</td>\n",
       "      <td>408.94</td>\n",
       "      <td>410.99</td>\n",
       "    </tr>\n",
       "    <tr>\n",
       "      <th>...</th>\n",
       "      <td>...</td>\n",
       "      <td>...</td>\n",
       "      <td>...</td>\n",
       "      <td>...</td>\n",
       "      <td>...</td>\n",
       "      <td>...</td>\n",
       "      <td>...</td>\n",
       "      <td>...</td>\n",
       "      <td>...</td>\n",
       "      <td>...</td>\n",
       "      <td>...</td>\n",
       "      <td>...</td>\n",
       "      <td>...</td>\n",
       "      <td>...</td>\n",
       "      <td>...</td>\n",
       "      <td>...</td>\n",
       "    </tr>\n",
       "    <tr>\n",
       "      <th>8050</th>\n",
       "      <td>4037</td>\n",
       "      <td>A</td>\n",
       "      <td>0.2774</td>\n",
       "      <td>0.0165</td>\n",
       "      <td>20.7999</td>\n",
       "      <td>0.0357</td>\n",
       "      <td>0.6332</td>\n",
       "      <td>0.0000</td>\n",
       "      <td>19.5</td>\n",
       "      <td>4.4</td>\n",
       "      <td>46253.5</td>\n",
       "      <td>47.3</td>\n",
       "      <td>1267.2</td>\n",
       "      <td>0.0</td>\n",
       "      <td>304.80</td>\n",
       "      <td>414.02</td>\n",
       "    </tr>\n",
       "    <tr>\n",
       "      <th>8051</th>\n",
       "      <td>4037</td>\n",
       "      <td>B</td>\n",
       "      <td>0.5039</td>\n",
       "      <td>0.0297</td>\n",
       "      <td>22.1842</td>\n",
       "      <td>0.0652</td>\n",
       "      <td>0.7391</td>\n",
       "      <td>0.0070</td>\n",
       "      <td>36.2</td>\n",
       "      <td>8.0</td>\n",
       "      <td>50318.6</td>\n",
       "      <td>88.8</td>\n",
       "      <td>1520.9</td>\n",
       "      <td>5.4</td>\n",
       "      <td>304.80</td>\n",
       "      <td>414.02</td>\n",
       "    </tr>\n",
       "    <tr>\n",
       "      <th>8052</th>\n",
       "      <td>4038</td>\n",
       "      <td>A</td>\n",
       "      <td>0.3707</td>\n",
       "      <td>0.0599</td>\n",
       "      <td>22.2514</td>\n",
       "      <td>0.0329</td>\n",
       "      <td>0.9844</td>\n",
       "      <td>0.0326</td>\n",
       "      <td>25.6</td>\n",
       "      <td>15.7</td>\n",
       "      <td>48856.2</td>\n",
       "      <td>43.6</td>\n",
       "      <td>1963.0</td>\n",
       "      <td>24.2</td>\n",
       "      <td>304.76</td>\n",
       "      <td>416.61</td>\n",
       "    </tr>\n",
       "    <tr>\n",
       "      <th>8053</th>\n",
       "      <td>4038</td>\n",
       "      <td>B</td>\n",
       "      <td>0.2642</td>\n",
       "      <td>0.0576</td>\n",
       "      <td>21.6834</td>\n",
       "      <td>0.0768</td>\n",
       "      <td>0.9042</td>\n",
       "      <td>0.0106</td>\n",
       "      <td>18.4</td>\n",
       "      <td>15.3</td>\n",
       "      <td>47978.6</td>\n",
       "      <td>102.1</td>\n",
       "      <td>1808.3</td>\n",
       "      <td>8.0</td>\n",
       "      <td>304.76</td>\n",
       "      <td>416.61</td>\n",
       "    </tr>\n",
       "    <tr>\n",
       "      <th>8054</th>\n",
       "      <td>3651</td>\n",
       "      <td>B</td>\n",
       "      <td>0.2766</td>\n",
       "      <td>0.0098</td>\n",
       "      <td>19.9610</td>\n",
       "      <td>0.0847</td>\n",
       "      <td>1.1792</td>\n",
       "      <td>0.0071</td>\n",
       "      <td>19.3</td>\n",
       "      <td>2.6</td>\n",
       "      <td>44915.8</td>\n",
       "      <td>115.5</td>\n",
       "      <td>2403.7</td>\n",
       "      <td>5.4</td>\n",
       "      <td>315.01</td>\n",
       "      <td>408.78</td>\n",
       "    </tr>\n",
       "  </tbody>\n",
       "</table>\n",
       "<p>8055 rows × 16 columns</p>\n",
       "</div>"
      ],
      "text/plain": [
       "       PMC Detector    Mg_%    Al_%     Ca_%    Ti_%    Fe_%    Si_%  Mg_int  \\\n",
       "0        7        A  0.4605  0.0305  22.9336  0.1140  1.0066  0.0067    31.9   \n",
       "1        7        B  0.1968  0.0735  22.4898  0.1392  1.1196  0.0196    13.8   \n",
       "2        8        A  0.5142  0.0000  22.6415  0.1949  1.0006  0.0130    35.7   \n",
       "3        8        B  0.4354  0.0271  21.9504  0.2441  1.0346  0.0150    30.8   \n",
       "4        9        A  0.3532  0.0570  26.5924  0.1641  0.3400  0.0179    24.7   \n",
       "...    ...      ...     ...     ...      ...     ...     ...     ...     ...   \n",
       "8050  4037        A  0.2774  0.0165  20.7999  0.0357  0.6332  0.0000    19.5   \n",
       "8051  4037        B  0.5039  0.0297  22.1842  0.0652  0.7391  0.0070    36.2   \n",
       "8052  4038        A  0.3707  0.0599  22.2514  0.0329  0.9844  0.0326    25.6   \n",
       "8053  4038        B  0.2642  0.0576  21.6834  0.0768  0.9042  0.0106    18.4   \n",
       "8054  3651        B  0.2766  0.0098  19.9610  0.0847  1.1792  0.0071    19.3   \n",
       "\n",
       "      Al_int   Ca_int  Ti_int  Fe_int  Si_int  image_i  image_j  \n",
       "0        8.0  50624.2   152.2  2015.6     5.0   409.04   416.18  \n",
       "1       19.8  50480.9   188.8  2270.2    14.9   409.04   416.18  \n",
       "2        0.0  50074.6   261.4  2009.1     9.7   408.99   413.59  \n",
       "3        7.3  49673.5   335.7  2123.7    11.4   408.99   413.59  \n",
       "4       15.2  57985.5   211.6   665.5    13.5   408.94   410.99  \n",
       "...      ...      ...     ...     ...     ...      ...      ...  \n",
       "8050     4.4  46253.5    47.3  1267.2     0.0   304.80   414.02  \n",
       "8051     8.0  50318.6    88.8  1520.9     5.4   304.80   414.02  \n",
       "8052    15.7  48856.2    43.6  1963.0    24.2   304.76   416.61  \n",
       "8053    15.3  47978.6   102.1  1808.3     8.0   304.76   416.61  \n",
       "8054     2.6  44915.8   115.5  2403.7     5.4   315.01   408.78  \n",
       "\n",
       "[8055 rows x 16 columns]"
      ]
     },
     "execution_count": 1,
     "metadata": {},
     "output_type": "execute_result"
    }
   ],
   "source": [
    "# Load libraries\n",
    "import pandas as pd\n",
    "import numpy as np\n",
    "import matplotlib.pyplot as plt\n",
    "import seaborn as sb\n",
    "from pandas.plotting import scatter_matrix\n",
    "from sklearn.cluster import KMeans\n",
    "from sklearn.metrics import silhouette_score\n",
    "\n",
    "data = pd.read_csv(\"dataset_Mars.csv\") # Load dataset\n",
    "data"
   ]
  },
  {
   "cell_type": "code",
   "execution_count": 2,
   "metadata": {},
   "outputs": [
    {
     "name": "stdout",
     "output_type": "stream",
     "text": [
      "<class 'pandas.core.frame.DataFrame'>\n",
      "RangeIndex: 8055 entries, 0 to 8054\n",
      "Data columns (total 16 columns):\n",
      " #   Column    Non-Null Count  Dtype  \n",
      "---  ------    --------------  -----  \n",
      " 0   PMC       8055 non-null   int64  \n",
      " 1   Detector  8055 non-null   object \n",
      " 2   Mg_%      8055 non-null   float64\n",
      " 3   Al_%      8055 non-null   float64\n",
      " 4   Ca_%      8055 non-null   float64\n",
      " 5   Ti_%      8055 non-null   float64\n",
      " 6   Fe_%      8055 non-null   float64\n",
      " 7   Si_%      8055 non-null   float64\n",
      " 8   Mg_int    8055 non-null   float64\n",
      " 9   Al_int    8055 non-null   float64\n",
      " 10  Ca_int    8055 non-null   float64\n",
      " 11  Ti_int    8055 non-null   float64\n",
      " 12  Fe_int    8055 non-null   float64\n",
      " 13  Si_int    8055 non-null   float64\n",
      " 14  image_i   8055 non-null   float64\n",
      " 15  image_j   8055 non-null   float64\n",
      "dtypes: float64(14), int64(1), object(1)\n",
      "memory usage: 1007.0+ KB\n"
     ]
    }
   ],
   "source": [
    "data.info() #return data type and number of non-null value"
   ]
  },
  {
   "cell_type": "code",
   "execution_count": 3,
   "metadata": {},
   "outputs": [
    {
     "data": {
      "text/html": [
       "<div>\n",
       "<style scoped>\n",
       "    .dataframe tbody tr th:only-of-type {\n",
       "        vertical-align: middle;\n",
       "    }\n",
       "\n",
       "    .dataframe tbody tr th {\n",
       "        vertical-align: top;\n",
       "    }\n",
       "\n",
       "    .dataframe thead th {\n",
       "        text-align: right;\n",
       "    }\n",
       "</style>\n",
       "<table border=\"1\" class=\"dataframe\">\n",
       "  <thead>\n",
       "    <tr style=\"text-align: right;\">\n",
       "      <th></th>\n",
       "      <th>PMC</th>\n",
       "      <th>Mg_%</th>\n",
       "      <th>Al_%</th>\n",
       "      <th>Ca_%</th>\n",
       "      <th>Ti_%</th>\n",
       "      <th>Fe_%</th>\n",
       "      <th>Si_%</th>\n",
       "      <th>Mg_int</th>\n",
       "      <th>Al_int</th>\n",
       "      <th>Ca_int</th>\n",
       "      <th>Ti_int</th>\n",
       "      <th>Fe_int</th>\n",
       "      <th>Si_int</th>\n",
       "      <th>image_i</th>\n",
       "      <th>image_j</th>\n",
       "    </tr>\n",
       "  </thead>\n",
       "  <tbody>\n",
       "    <tr>\n",
       "      <th>count</th>\n",
       "      <td>8055.000000</td>\n",
       "      <td>8055.000000</td>\n",
       "      <td>8055.000000</td>\n",
       "      <td>8055.000000</td>\n",
       "      <td>8055.000000</td>\n",
       "      <td>8055.000000</td>\n",
       "      <td>8055.000000</td>\n",
       "      <td>8055.000000</td>\n",
       "      <td>8055.000000</td>\n",
       "      <td>8055.000000</td>\n",
       "      <td>8055.000000</td>\n",
       "      <td>8055.000000</td>\n",
       "      <td>8055.000000</td>\n",
       "      <td>8055.000000</td>\n",
       "      <td>8055.000000</td>\n",
       "    </tr>\n",
       "    <tr>\n",
       "      <th>mean</th>\n",
       "      <td>2022.490503</td>\n",
       "      <td>0.384306</td>\n",
       "      <td>0.036671</td>\n",
       "      <td>24.912457</td>\n",
       "      <td>0.045512</td>\n",
       "      <td>0.498338</td>\n",
       "      <td>0.008542</td>\n",
       "      <td>26.892129</td>\n",
       "      <td>9.749050</td>\n",
       "      <td>54690.851968</td>\n",
       "      <td>61.799926</td>\n",
       "      <td>1004.379888</td>\n",
       "      <td>6.452688</td>\n",
       "      <td>356.498369</td>\n",
       "      <td>299.058809</td>\n",
       "    </tr>\n",
       "    <tr>\n",
       "      <th>std</th>\n",
       "      <td>1164.135723</td>\n",
       "      <td>0.125565</td>\n",
       "      <td>0.023224</td>\n",
       "      <td>3.375734</td>\n",
       "      <td>0.070177</td>\n",
       "      <td>0.501005</td>\n",
       "      <td>0.019358</td>\n",
       "      <td>8.455740</td>\n",
       "      <td>6.132471</td>\n",
       "      <td>6392.186757</td>\n",
       "      <td>99.957311</td>\n",
       "      <td>1043.179731</td>\n",
       "      <td>14.880110</td>\n",
       "      <td>29.674268</td>\n",
       "      <td>66.747572</td>\n",
       "    </tr>\n",
       "    <tr>\n",
       "      <th>min</th>\n",
       "      <td>7.000000</td>\n",
       "      <td>0.000000</td>\n",
       "      <td>0.000000</td>\n",
       "      <td>2.779300</td>\n",
       "      <td>0.000000</td>\n",
       "      <td>0.000000</td>\n",
       "      <td>0.000000</td>\n",
       "      <td>0.000000</td>\n",
       "      <td>0.000000</td>\n",
       "      <td>6169.300000</td>\n",
       "      <td>0.000000</td>\n",
       "      <td>0.000000</td>\n",
       "      <td>0.000000</td>\n",
       "      <td>304.760000</td>\n",
       "      <td>187.270000</td>\n",
       "    </tr>\n",
       "    <tr>\n",
       "      <th>25%</th>\n",
       "      <td>1014.500000</td>\n",
       "      <td>0.296700</td>\n",
       "      <td>0.019500</td>\n",
       "      <td>22.746850</td>\n",
       "      <td>0.000000</td>\n",
       "      <td>0.101600</td>\n",
       "      <td>0.000000</td>\n",
       "      <td>20.900000</td>\n",
       "      <td>5.200000</td>\n",
       "      <td>50569.200000</td>\n",
       "      <td>0.000000</td>\n",
       "      <td>196.750000</td>\n",
       "      <td>0.000000</td>\n",
       "      <td>330.825000</td>\n",
       "      <td>240.920000</td>\n",
       "    </tr>\n",
       "    <tr>\n",
       "      <th>50%</th>\n",
       "      <td>2022.000000</td>\n",
       "      <td>0.371800</td>\n",
       "      <td>0.035000</td>\n",
       "      <td>24.955400</td>\n",
       "      <td>0.022100</td>\n",
       "      <td>0.390500</td>\n",
       "      <td>0.001600</td>\n",
       "      <td>26.300000</td>\n",
       "      <td>9.300000</td>\n",
       "      <td>55223.300000</td>\n",
       "      <td>28.700000</td>\n",
       "      <td>775.700000</td>\n",
       "      <td>1.200000</td>\n",
       "      <td>357.300000</td>\n",
       "      <td>296.590000</td>\n",
       "    </tr>\n",
       "    <tr>\n",
       "      <th>75%</th>\n",
       "      <td>3030.500000</td>\n",
       "      <td>0.460500</td>\n",
       "      <td>0.051600</td>\n",
       "      <td>27.099950</td>\n",
       "      <td>0.068300</td>\n",
       "      <td>0.740750</td>\n",
       "      <td>0.011300</td>\n",
       "      <td>32.300000</td>\n",
       "      <td>13.700000</td>\n",
       "      <td>59844.050000</td>\n",
       "      <td>90.400000</td>\n",
       "      <td>1492.300000</td>\n",
       "      <td>8.600000</td>\n",
       "      <td>382.160000</td>\n",
       "      <td>356.450000</td>\n",
       "    </tr>\n",
       "    <tr>\n",
       "      <th>max</th>\n",
       "      <td>4038.000000</td>\n",
       "      <td>1.120800</td>\n",
       "      <td>0.133700</td>\n",
       "      <td>53.427400</td>\n",
       "      <td>1.472800</td>\n",
       "      <td>5.300000</td>\n",
       "      <td>0.449100</td>\n",
       "      <td>69.200000</td>\n",
       "      <td>36.100000</td>\n",
       "      <td>64530.300000</td>\n",
       "      <td>2144.900000</td>\n",
       "      <td>12175.000000</td>\n",
       "      <td>336.700000</td>\n",
       "      <td>409.040000</td>\n",
       "      <td>416.610000</td>\n",
       "    </tr>\n",
       "  </tbody>\n",
       "</table>\n",
       "</div>"
      ],
      "text/plain": [
       "               PMC         Mg_%         Al_%         Ca_%         Ti_%  \\\n",
       "count  8055.000000  8055.000000  8055.000000  8055.000000  8055.000000   \n",
       "mean   2022.490503     0.384306     0.036671    24.912457     0.045512   \n",
       "std    1164.135723     0.125565     0.023224     3.375734     0.070177   \n",
       "min       7.000000     0.000000     0.000000     2.779300     0.000000   \n",
       "25%    1014.500000     0.296700     0.019500    22.746850     0.000000   \n",
       "50%    2022.000000     0.371800     0.035000    24.955400     0.022100   \n",
       "75%    3030.500000     0.460500     0.051600    27.099950     0.068300   \n",
       "max    4038.000000     1.120800     0.133700    53.427400     1.472800   \n",
       "\n",
       "              Fe_%         Si_%       Mg_int       Al_int        Ca_int  \\\n",
       "count  8055.000000  8055.000000  8055.000000  8055.000000   8055.000000   \n",
       "mean      0.498338     0.008542    26.892129     9.749050  54690.851968   \n",
       "std       0.501005     0.019358     8.455740     6.132471   6392.186757   \n",
       "min       0.000000     0.000000     0.000000     0.000000   6169.300000   \n",
       "25%       0.101600     0.000000    20.900000     5.200000  50569.200000   \n",
       "50%       0.390500     0.001600    26.300000     9.300000  55223.300000   \n",
       "75%       0.740750     0.011300    32.300000    13.700000  59844.050000   \n",
       "max       5.300000     0.449100    69.200000    36.100000  64530.300000   \n",
       "\n",
       "            Ti_int        Fe_int       Si_int      image_i      image_j  \n",
       "count  8055.000000   8055.000000  8055.000000  8055.000000  8055.000000  \n",
       "mean     61.799926   1004.379888     6.452688   356.498369   299.058809  \n",
       "std      99.957311   1043.179731    14.880110    29.674268    66.747572  \n",
       "min       0.000000      0.000000     0.000000   304.760000   187.270000  \n",
       "25%       0.000000    196.750000     0.000000   330.825000   240.920000  \n",
       "50%      28.700000    775.700000     1.200000   357.300000   296.590000  \n",
       "75%      90.400000   1492.300000     8.600000   382.160000   356.450000  \n",
       "max    2144.900000  12175.000000   336.700000   409.040000   416.610000  "
      ]
     },
     "execution_count": 3,
     "metadata": {},
     "output_type": "execute_result"
    }
   ],
   "source": [
    "data.describe()   # return data summary (Count, Mean, Standard Deviation, Minimum Value, 25th Percentile,\n",
    "                                    #        50th Percentile (Median), 75th Percentile, Maximum Value)"
   ]
  },
  {
   "cell_type": "code",
   "execution_count": 4,
   "metadata": {},
   "outputs": [
    {
     "data": {
      "text/plain": [
       "PMC        0.000005\n",
       "Mg_%       0.596181\n",
       "Al_%       0.516170\n",
       "Ca_%      -0.217566\n",
       "Ti_%       4.861068\n",
       "Fe_%       2.371633\n",
       "Si_%       8.859259\n",
       "Mg_int     0.405842\n",
       "Al_int     0.491682\n",
       "Ca_int    -1.124496\n",
       "Ti_int     5.222830\n",
       "Fe_int     2.706598\n",
       "Si_int     9.309127\n",
       "image_i    0.001285\n",
       "image_j    0.053645\n",
       "dtype: float64"
      ]
     },
     "execution_count": 4,
     "metadata": {},
     "output_type": "execute_result"
    }
   ],
   "source": [
    "data.skew(axis = 0) #return skewness of each column"
   ]
  },
  {
   "cell_type": "code",
   "execution_count": 5,
   "metadata": {},
   "outputs": [
    {
     "data": {
      "text/html": [
       "<div>\n",
       "<style scoped>\n",
       "    .dataframe tbody tr th:only-of-type {\n",
       "        vertical-align: middle;\n",
       "    }\n",
       "\n",
       "    .dataframe tbody tr th {\n",
       "        vertical-align: top;\n",
       "    }\n",
       "\n",
       "    .dataframe thead th {\n",
       "        text-align: right;\n",
       "    }\n",
       "</style>\n",
       "<table border=\"1\" class=\"dataframe\">\n",
       "  <thead>\n",
       "    <tr style=\"text-align: right;\">\n",
       "      <th></th>\n",
       "      <th>PMC</th>\n",
       "      <th>Mg_%</th>\n",
       "      <th>Al_%</th>\n",
       "      <th>Ca_%</th>\n",
       "      <th>Ti_%</th>\n",
       "      <th>Fe_%</th>\n",
       "      <th>Si_%</th>\n",
       "      <th>Mg_int</th>\n",
       "      <th>Al_int</th>\n",
       "      <th>Ca_int</th>\n",
       "      <th>Ti_int</th>\n",
       "      <th>Fe_int</th>\n",
       "      <th>Si_int</th>\n",
       "      <th>image_i</th>\n",
       "      <th>image_j</th>\n",
       "    </tr>\n",
       "  </thead>\n",
       "  <tbody>\n",
       "    <tr>\n",
       "      <th>PMC</th>\n",
       "      <td>1.000000</td>\n",
       "      <td>-0.073067</td>\n",
       "      <td>-0.041676</td>\n",
       "      <td>-0.199568</td>\n",
       "      <td>0.101096</td>\n",
       "      <td>0.165004</td>\n",
       "      <td>0.022688</td>\n",
       "      <td>-0.068648</td>\n",
       "      <td>-0.038706</td>\n",
       "      <td>-0.196897</td>\n",
       "      <td>0.095527</td>\n",
       "      <td>0.160400</td>\n",
       "      <td>0.021157</td>\n",
       "      <td>-0.999459</td>\n",
       "      <td>0.001755</td>\n",
       "    </tr>\n",
       "    <tr>\n",
       "      <th>Mg_%</th>\n",
       "      <td>-0.073067</td>\n",
       "      <td>1.000000</td>\n",
       "      <td>0.229094</td>\n",
       "      <td>0.374116</td>\n",
       "      <td>-0.163251</td>\n",
       "      <td>-0.208824</td>\n",
       "      <td>-0.131793</td>\n",
       "      <td>0.990045</td>\n",
       "      <td>0.197850</td>\n",
       "      <td>0.261324</td>\n",
       "      <td>-0.159369</td>\n",
       "      <td>-0.204912</td>\n",
       "      <td>-0.138304</td>\n",
       "      <td>0.071871</td>\n",
       "      <td>-0.122297</td>\n",
       "    </tr>\n",
       "    <tr>\n",
       "      <th>Al_%</th>\n",
       "      <td>-0.041676</td>\n",
       "      <td>0.229094</td>\n",
       "      <td>1.000000</td>\n",
       "      <td>0.226994</td>\n",
       "      <td>-0.094115</td>\n",
       "      <td>-0.117397</td>\n",
       "      <td>-0.066503</td>\n",
       "      <td>0.218069</td>\n",
       "      <td>0.995913</td>\n",
       "      <td>0.184657</td>\n",
       "      <td>-0.086496</td>\n",
       "      <td>-0.112778</td>\n",
       "      <td>-0.071094</td>\n",
       "      <td>0.040606</td>\n",
       "      <td>-0.100058</td>\n",
       "    </tr>\n",
       "    <tr>\n",
       "      <th>Ca_%</th>\n",
       "      <td>-0.199568</td>\n",
       "      <td>0.374116</td>\n",
       "      <td>0.226994</td>\n",
       "      <td>1.000000</td>\n",
       "      <td>-0.615361</td>\n",
       "      <td>-0.773401</td>\n",
       "      <td>-0.553537</td>\n",
       "      <td>0.347910</td>\n",
       "      <td>0.209149</td>\n",
       "      <td>0.934574</td>\n",
       "      <td>-0.617210</td>\n",
       "      <td>-0.770994</td>\n",
       "      <td>-0.535491</td>\n",
       "      <td>0.195127</td>\n",
       "      <td>-0.336184</td>\n",
       "    </tr>\n",
       "    <tr>\n",
       "      <th>Ti_%</th>\n",
       "      <td>0.101096</td>\n",
       "      <td>-0.163251</td>\n",
       "      <td>-0.094115</td>\n",
       "      <td>-0.615361</td>\n",
       "      <td>1.000000</td>\n",
       "      <td>0.778559</td>\n",
       "      <td>0.362068</td>\n",
       "      <td>-0.183545</td>\n",
       "      <td>-0.105462</td>\n",
       "      <td>-0.651854</td>\n",
       "      <td>0.996293</td>\n",
       "      <td>0.778249</td>\n",
       "      <td>0.334102</td>\n",
       "      <td>-0.097908</td>\n",
       "      <td>0.159526</td>\n",
       "    </tr>\n",
       "    <tr>\n",
       "      <th>Fe_%</th>\n",
       "      <td>0.165004</td>\n",
       "      <td>-0.208824</td>\n",
       "      <td>-0.117397</td>\n",
       "      <td>-0.773401</td>\n",
       "      <td>0.778559</td>\n",
       "      <td>1.000000</td>\n",
       "      <td>0.370548</td>\n",
       "      <td>-0.232644</td>\n",
       "      <td>-0.131089</td>\n",
       "      <td>-0.816493</td>\n",
       "      <td>0.790920</td>\n",
       "      <td>0.999024</td>\n",
       "      <td>0.337309</td>\n",
       "      <td>-0.161783</td>\n",
       "      <td>0.263164</td>\n",
       "    </tr>\n",
       "    <tr>\n",
       "      <th>Si_%</th>\n",
       "      <td>0.022688</td>\n",
       "      <td>-0.131793</td>\n",
       "      <td>-0.066503</td>\n",
       "      <td>-0.553537</td>\n",
       "      <td>0.362068</td>\n",
       "      <td>0.370548</td>\n",
       "      <td>1.000000</td>\n",
       "      <td>-0.138349</td>\n",
       "      <td>-0.070693</td>\n",
       "      <td>-0.585469</td>\n",
       "      <td>0.374513</td>\n",
       "      <td>0.376262</td>\n",
       "      <td>0.990591</td>\n",
       "      <td>-0.021296</td>\n",
       "      <td>0.098279</td>\n",
       "    </tr>\n",
       "    <tr>\n",
       "      <th>Mg_int</th>\n",
       "      <td>-0.068648</td>\n",
       "      <td>0.990045</td>\n",
       "      <td>0.218069</td>\n",
       "      <td>0.347910</td>\n",
       "      <td>-0.183545</td>\n",
       "      <td>-0.232644</td>\n",
       "      <td>-0.138349</td>\n",
       "      <td>1.000000</td>\n",
       "      <td>0.196769</td>\n",
       "      <td>0.278201</td>\n",
       "      <td>-0.180767</td>\n",
       "      <td>-0.228392</td>\n",
       "      <td>-0.143307</td>\n",
       "      <td>0.067649</td>\n",
       "      <td>-0.116444</td>\n",
       "    </tr>\n",
       "    <tr>\n",
       "      <th>Al_int</th>\n",
       "      <td>-0.038706</td>\n",
       "      <td>0.197850</td>\n",
       "      <td>0.995913</td>\n",
       "      <td>0.209149</td>\n",
       "      <td>-0.105462</td>\n",
       "      <td>-0.131089</td>\n",
       "      <td>-0.070693</td>\n",
       "      <td>0.196769</td>\n",
       "      <td>1.000000</td>\n",
       "      <td>0.194119</td>\n",
       "      <td>-0.098954</td>\n",
       "      <td>-0.126545</td>\n",
       "      <td>-0.074064</td>\n",
       "      <td>0.037736</td>\n",
       "      <td>-0.096741</td>\n",
       "    </tr>\n",
       "    <tr>\n",
       "      <th>Ca_int</th>\n",
       "      <td>-0.196897</td>\n",
       "      <td>0.261324</td>\n",
       "      <td>0.184657</td>\n",
       "      <td>0.934574</td>\n",
       "      <td>-0.651854</td>\n",
       "      <td>-0.816493</td>\n",
       "      <td>-0.585469</td>\n",
       "      <td>0.278201</td>\n",
       "      <td>0.194119</td>\n",
       "      <td>1.000000</td>\n",
       "      <td>-0.655023</td>\n",
       "      <td>-0.812578</td>\n",
       "      <td>-0.556383</td>\n",
       "      <td>0.192652</td>\n",
       "      <td>-0.336095</td>\n",
       "    </tr>\n",
       "    <tr>\n",
       "      <th>Ti_int</th>\n",
       "      <td>0.095527</td>\n",
       "      <td>-0.159369</td>\n",
       "      <td>-0.086496</td>\n",
       "      <td>-0.617210</td>\n",
       "      <td>0.996293</td>\n",
       "      <td>0.790920</td>\n",
       "      <td>0.374513</td>\n",
       "      <td>-0.180767</td>\n",
       "      <td>-0.098954</td>\n",
       "      <td>-0.655023</td>\n",
       "      <td>1.000000</td>\n",
       "      <td>0.793900</td>\n",
       "      <td>0.343942</td>\n",
       "      <td>-0.092467</td>\n",
       "      <td>0.155032</td>\n",
       "    </tr>\n",
       "    <tr>\n",
       "      <th>Fe_int</th>\n",
       "      <td>0.160400</td>\n",
       "      <td>-0.204912</td>\n",
       "      <td>-0.112778</td>\n",
       "      <td>-0.770994</td>\n",
       "      <td>0.778249</td>\n",
       "      <td>0.999024</td>\n",
       "      <td>0.376262</td>\n",
       "      <td>-0.228392</td>\n",
       "      <td>-0.126545</td>\n",
       "      <td>-0.812578</td>\n",
       "      <td>0.793900</td>\n",
       "      <td>1.000000</td>\n",
       "      <td>0.342047</td>\n",
       "      <td>-0.157255</td>\n",
       "      <td>0.257246</td>\n",
       "    </tr>\n",
       "    <tr>\n",
       "      <th>Si_int</th>\n",
       "      <td>0.021157</td>\n",
       "      <td>-0.138304</td>\n",
       "      <td>-0.071094</td>\n",
       "      <td>-0.535491</td>\n",
       "      <td>0.334102</td>\n",
       "      <td>0.337309</td>\n",
       "      <td>0.990591</td>\n",
       "      <td>-0.143307</td>\n",
       "      <td>-0.074064</td>\n",
       "      <td>-0.556383</td>\n",
       "      <td>0.343942</td>\n",
       "      <td>0.342047</td>\n",
       "      <td>1.000000</td>\n",
       "      <td>-0.019909</td>\n",
       "      <td>0.092442</td>\n",
       "    </tr>\n",
       "    <tr>\n",
       "      <th>image_i</th>\n",
       "      <td>-0.999459</td>\n",
       "      <td>0.071871</td>\n",
       "      <td>0.040606</td>\n",
       "      <td>0.195127</td>\n",
       "      <td>-0.097908</td>\n",
       "      <td>-0.161783</td>\n",
       "      <td>-0.021296</td>\n",
       "      <td>0.067649</td>\n",
       "      <td>0.037736</td>\n",
       "      <td>0.192652</td>\n",
       "      <td>-0.092467</td>\n",
       "      <td>-0.157255</td>\n",
       "      <td>-0.019909</td>\n",
       "      <td>1.000000</td>\n",
       "      <td>0.005848</td>\n",
       "    </tr>\n",
       "    <tr>\n",
       "      <th>image_j</th>\n",
       "      <td>0.001755</td>\n",
       "      <td>-0.122297</td>\n",
       "      <td>-0.100058</td>\n",
       "      <td>-0.336184</td>\n",
       "      <td>0.159526</td>\n",
       "      <td>0.263164</td>\n",
       "      <td>0.098279</td>\n",
       "      <td>-0.116444</td>\n",
       "      <td>-0.096741</td>\n",
       "      <td>-0.336095</td>\n",
       "      <td>0.155032</td>\n",
       "      <td>0.257246</td>\n",
       "      <td>0.092442</td>\n",
       "      <td>0.005848</td>\n",
       "      <td>1.000000</td>\n",
       "    </tr>\n",
       "  </tbody>\n",
       "</table>\n",
       "</div>"
      ],
      "text/plain": [
       "              PMC      Mg_%      Al_%      Ca_%      Ti_%      Fe_%      Si_%  \\\n",
       "PMC      1.000000 -0.073067 -0.041676 -0.199568  0.101096  0.165004  0.022688   \n",
       "Mg_%    -0.073067  1.000000  0.229094  0.374116 -0.163251 -0.208824 -0.131793   \n",
       "Al_%    -0.041676  0.229094  1.000000  0.226994 -0.094115 -0.117397 -0.066503   \n",
       "Ca_%    -0.199568  0.374116  0.226994  1.000000 -0.615361 -0.773401 -0.553537   \n",
       "Ti_%     0.101096 -0.163251 -0.094115 -0.615361  1.000000  0.778559  0.362068   \n",
       "Fe_%     0.165004 -0.208824 -0.117397 -0.773401  0.778559  1.000000  0.370548   \n",
       "Si_%     0.022688 -0.131793 -0.066503 -0.553537  0.362068  0.370548  1.000000   \n",
       "Mg_int  -0.068648  0.990045  0.218069  0.347910 -0.183545 -0.232644 -0.138349   \n",
       "Al_int  -0.038706  0.197850  0.995913  0.209149 -0.105462 -0.131089 -0.070693   \n",
       "Ca_int  -0.196897  0.261324  0.184657  0.934574 -0.651854 -0.816493 -0.585469   \n",
       "Ti_int   0.095527 -0.159369 -0.086496 -0.617210  0.996293  0.790920  0.374513   \n",
       "Fe_int   0.160400 -0.204912 -0.112778 -0.770994  0.778249  0.999024  0.376262   \n",
       "Si_int   0.021157 -0.138304 -0.071094 -0.535491  0.334102  0.337309  0.990591   \n",
       "image_i -0.999459  0.071871  0.040606  0.195127 -0.097908 -0.161783 -0.021296   \n",
       "image_j  0.001755 -0.122297 -0.100058 -0.336184  0.159526  0.263164  0.098279   \n",
       "\n",
       "           Mg_int    Al_int    Ca_int    Ti_int    Fe_int    Si_int   image_i  \\\n",
       "PMC     -0.068648 -0.038706 -0.196897  0.095527  0.160400  0.021157 -0.999459   \n",
       "Mg_%     0.990045  0.197850  0.261324 -0.159369 -0.204912 -0.138304  0.071871   \n",
       "Al_%     0.218069  0.995913  0.184657 -0.086496 -0.112778 -0.071094  0.040606   \n",
       "Ca_%     0.347910  0.209149  0.934574 -0.617210 -0.770994 -0.535491  0.195127   \n",
       "Ti_%    -0.183545 -0.105462 -0.651854  0.996293  0.778249  0.334102 -0.097908   \n",
       "Fe_%    -0.232644 -0.131089 -0.816493  0.790920  0.999024  0.337309 -0.161783   \n",
       "Si_%    -0.138349 -0.070693 -0.585469  0.374513  0.376262  0.990591 -0.021296   \n",
       "Mg_int   1.000000  0.196769  0.278201 -0.180767 -0.228392 -0.143307  0.067649   \n",
       "Al_int   0.196769  1.000000  0.194119 -0.098954 -0.126545 -0.074064  0.037736   \n",
       "Ca_int   0.278201  0.194119  1.000000 -0.655023 -0.812578 -0.556383  0.192652   \n",
       "Ti_int  -0.180767 -0.098954 -0.655023  1.000000  0.793900  0.343942 -0.092467   \n",
       "Fe_int  -0.228392 -0.126545 -0.812578  0.793900  1.000000  0.342047 -0.157255   \n",
       "Si_int  -0.143307 -0.074064 -0.556383  0.343942  0.342047  1.000000 -0.019909   \n",
       "image_i  0.067649  0.037736  0.192652 -0.092467 -0.157255 -0.019909  1.000000   \n",
       "image_j -0.116444 -0.096741 -0.336095  0.155032  0.257246  0.092442  0.005848   \n",
       "\n",
       "          image_j  \n",
       "PMC      0.001755  \n",
       "Mg_%    -0.122297  \n",
       "Al_%    -0.100058  \n",
       "Ca_%    -0.336184  \n",
       "Ti_%     0.159526  \n",
       "Fe_%     0.263164  \n",
       "Si_%     0.098279  \n",
       "Mg_int  -0.116444  \n",
       "Al_int  -0.096741  \n",
       "Ca_int  -0.336095  \n",
       "Ti_int   0.155032  \n",
       "Fe_int   0.257246  \n",
       "Si_int   0.092442  \n",
       "image_i  0.005848  \n",
       "image_j  1.000000  "
      ]
     },
     "execution_count": 5,
     "metadata": {},
     "output_type": "execute_result"
    }
   ],
   "source": [
    "data.corr() #return correlation between columns"
   ]
  },
  {
   "cell_type": "code",
   "execution_count": 6,
   "metadata": {},
   "outputs": [
    {
     "data": {
      "text/html": [
       "<div>\n",
       "<style scoped>\n",
       "    .dataframe tbody tr th:only-of-type {\n",
       "        vertical-align: middle;\n",
       "    }\n",
       "\n",
       "    .dataframe tbody tr th {\n",
       "        vertical-align: top;\n",
       "    }\n",
       "\n",
       "    .dataframe thead th {\n",
       "        text-align: right;\n",
       "    }\n",
       "</style>\n",
       "<table border=\"1\" class=\"dataframe\">\n",
       "  <thead>\n",
       "    <tr style=\"text-align: right;\">\n",
       "      <th></th>\n",
       "      <th>PMC</th>\n",
       "      <th>Mg_%</th>\n",
       "      <th>Al_%</th>\n",
       "      <th>Ca_%</th>\n",
       "      <th>Ti_%</th>\n",
       "      <th>Fe_%</th>\n",
       "      <th>Si_%</th>\n",
       "      <th>Mg_int</th>\n",
       "      <th>Al_int</th>\n",
       "      <th>Ca_int</th>\n",
       "      <th>Ti_int</th>\n",
       "      <th>Fe_int</th>\n",
       "      <th>Si_int</th>\n",
       "      <th>image_i</th>\n",
       "      <th>image_j</th>\n",
       "    </tr>\n",
       "  </thead>\n",
       "  <tbody>\n",
       "    <tr>\n",
       "      <th>PMC</th>\n",
       "      <td>1.355212e+06</td>\n",
       "      <td>-10.680485</td>\n",
       "      <td>-1.126761</td>\n",
       "      <td>-784.266569</td>\n",
       "      <td>8.259185</td>\n",
       "      <td>96.236595</td>\n",
       "      <td>0.511291</td>\n",
       "      <td>-675.748995</td>\n",
       "      <td>-276.320474</td>\n",
       "      <td>-1.465181e+06</td>\n",
       "      <td>11115.841072</td>\n",
       "      <td>1.947901e+05</td>\n",
       "      <td>366.494590</td>\n",
       "      <td>-34526.181332</td>\n",
       "      <td>136.355070</td>\n",
       "    </tr>\n",
       "    <tr>\n",
       "      <th>Mg_%</th>\n",
       "      <td>-1.068049e+01</td>\n",
       "      <td>0.015767</td>\n",
       "      <td>0.000668</td>\n",
       "      <td>0.158578</td>\n",
       "      <td>-0.001439</td>\n",
       "      <td>-0.013137</td>\n",
       "      <td>-0.000320</td>\n",
       "      <td>1.051175</td>\n",
       "      <td>0.152349</td>\n",
       "      <td>2.097476e+02</td>\n",
       "      <td>-2.000264</td>\n",
       "      <td>-2.684077e+01</td>\n",
       "      <td>-0.258410</td>\n",
       "      <td>0.267794</td>\n",
       "      <td>-1.024993</td>\n",
       "    </tr>\n",
       "    <tr>\n",
       "      <th>Al_%</th>\n",
       "      <td>-1.126761e+00</td>\n",
       "      <td>0.000668</td>\n",
       "      <td>0.000539</td>\n",
       "      <td>0.017796</td>\n",
       "      <td>-0.000153</td>\n",
       "      <td>-0.001366</td>\n",
       "      <td>-0.000030</td>\n",
       "      <td>0.042824</td>\n",
       "      <td>0.141840</td>\n",
       "      <td>2.741291e+01</td>\n",
       "      <td>-0.200793</td>\n",
       "      <td>-2.732279e+00</td>\n",
       "      <td>-0.024569</td>\n",
       "      <td>0.027984</td>\n",
       "      <td>-0.155105</td>\n",
       "    </tr>\n",
       "    <tr>\n",
       "      <th>Ca_%</th>\n",
       "      <td>-7.842666e+02</td>\n",
       "      <td>0.158578</td>\n",
       "      <td>0.017796</td>\n",
       "      <td>11.395577</td>\n",
       "      <td>-0.145779</td>\n",
       "      <td>-1.308021</td>\n",
